18.04
17.46
9.23
15.65
12.47
5.52
4.20
4.82
15.71
15.35
6.93
16.20
19.77
17.87
6.49
7.13
16.35
18.04
15.20
14.90
7.12
17.20
8.83
9.86
18.65
15.84
11.92
12.81
11.04
12.32
16.45
6.67
17.32
11.02
9.87
8.38
19.05
17.60
5.70
17.43
8.79
5.72
15.27
17.24
5.94
10.09
6.09
12.47
18.36
15.90
13.02
10.62
5.25
9.52
14.29
8.91
11.79
8.52
6.26
12.11
19.32
12.28
16.80
13.67
9.32
9.93
7.15
11.93
8.82
7.84
15.55
6.83
14.16
19.80
7.72
13.29
4.56
13.37
12.03
7.79
16.27
15.27
6.52
14.69
9.68
19.27
4.57
13.14
5.22
18.53
12.74
6.18
16.75
16.79
8.89
12.38
14.40
12.19
6.26
15.65
19.67
9.87
15.86
14.38
19.95
9.99
12.87
9.16
16.27
15.35
5.76
12.82
11.18
9.61
11.36
16.60
8.95
4.20
19.90
16.35
15.69
9.15
7.58
15.04
4.54
15.11
8.56
14.83
13.75
16.11
15.27
19.60
14.72
12.71
10.56
13.61
4.57
5.69
10.28
14.59
11.56
4.48
7.87
12.55
7.27
10.00
6.01
5.84
9.28
19.58
7.14
6.06
8.49
5.43
5.98
16.41
16.07
12.79
8.16
7.13
8.50
17.85
15.87
8.38
4.98
8.22
10.21
15.80
5.08
5.36
12.81
16.60
12.61
8.86
16.81
14.58
10.10
11.54
9.87
14.64
16.91
17.46
17.98
19.02
16.40
11.72
7.01
13.42
11.75
18.41
11.70
19.97
12.72
13.71
11.30
11.12
14.84
6.84
9.38
19.83
