16.93
15.11
9.17
11.04
8.17
18.28
15.24
18.72
7.76
4.38
12.99
17.56
11.33
13.87
11.50
14.72
8.80
16.92
8.62
16.18
12.94
13.23
9.67
10.54
10.43
16.04
14.07
17.28
12.30
12.76
5.53
19.62
5.85
13.58
6.43
18.09
18.68
5.85
12.43
19.62
12.06
12.55
11.24
19.82
13.46
17.64
10.67
12.93
7.19
8.09
9.74
14.79
7.26
13.97
10.95
17.90
13.46
8.36
4.18
15.49
14.82
7.00
12.63
19.20
7.39
15.60
11.17
7.48
14.86
18.49
15.38
14.12
5.27
11.89
12.03
7.42
13.94
7.74
6.28
15.45
4.50
8.81
8.41
6.66
18.73
14.14
7.78
17.94
7.98
7.89
8.65
8.58
13.68
11.93
6.97
11.23
16.12
19.58
6.46
14.33
6.25
9.74
13.10
12.95
16.44
8.22
7.61
13.45
17.38
11.27
16.22
17.27
16.29
7.74
6.94
10.76
17.42
14.43
9.56
9.39
12.15
7.80
16.71
16.29
17.67
14.57
11.93
16.58
19.21
6.72
15.01
14.59
14.61
8.30
17.83
4.43
15.49
10.22
18.23
16.72
6.18
18.97
19.69
16.67
9.08
14.68
5.87
17.60
6.48
9.87
17.48
9.04
7.45
15.15
6.47
18.84
14.70
14.82
16.64
10.58
8.66
19.45
9.28
14.68
10.39
13.49
19.68
10.23
17.22
5.36
14.11
15.03
5.80
4.86
15.11
11.92
7.94
10.71
10.52
5.68
4.22
10.73
19.88
9.19
14.85
9.30
19.10
8.78
13.68
19.43
7.74
9.57
16.83
16.50
14.23
4.59
13.98
12.81
9.57
7.06
